image_width: 640
image_height: 480
camera_name: FLIR
camera_matrix:
  rows: 3
  cols: 3
  data: [739.5794043031465, 0, 307.6828089850788, 0, 739.4045421215368, 236.4147520029106, 0, 0, 1]
distortion_model: plumb_bob
distortion_coefficients:
  rows: 1
  cols: 5
  data: [-0.3554031856039526, 0.1496001203374423, 0.0008836494395174057, 0.001115664930473595, 0]
rectification_matrix:
  rows: 3
  cols: 3
  data: [0.9997209820314247, -0.001612802289338924, -0.02356601263893719, 0.0009614926720999471, 0.9996179523530986, -0.02762290464192982, 0.02360155958331022, 0.02759253880655336, 0.9993405916802739]
projection_matrix:
  rows: 3
  cols: 4
  data: [739.5794043031465, 0, 307.6828089850788, 0, 0, 739.4045421215368, 236.4147520029106, 0, 0, 0, 1, 0]
