calibration:
  translation:
    x: 0.0193306
    y: 0.0464101
    z: -0.198378
  rotation:
    x: 0.010256
    y: 0.702918
    z: -0.711185
    w: -0.00410556
