cam0: # This is the RGB camera
  cam_overlaps: [1]
  camera_model: pinhole
  distortion_coeffs: [-0.36965913545735024, 0.17414034009883844, 0.003915245015812422,
    0.003666687416655559]
  distortion_model: radtan
  intrinsics: [766.536025127154, 767.5749459126396, 291.0503512057777, 227.4060484950132]
  resolution: [640, 480]
  rostopic: /cam0/image_raw
  flip: True
cam1: # This is the event camera
  T_cn_cnm1:
  - [0.9998964430808897, -0.0020335804041023736, -0.014246672065022661, -0.00011238613157578769]
  - [0.001703024953250547, 0.9997299470300024, -0.023176123864880376, -0.0005981481496958399]
  - [0.014289955220253567, 0.02314946137886846, 0.9996298813149167, -0.004416681577516066]
  - [0.0, 0.0, 0.0, 1.0]
  cam_overlaps: [0]
  camera_model: pinhole
  distortion_coeffs: [-0.09776467241921379, 0.2143738428636279, -0.004710710105172864,
    -0.004215916089401789]
  distortion_model: radtan
  intrinsics: [560.8520948927032, 560.6295819972383, 313.00733235019237, 217.32858679842997]
  resolution: [640, 480]
  rostopic: /cam1/image_raw
