image_width: 640
image_height: 480
camera_name: FLIR
camera_matrix:
  rows: 3
  cols: 3
  data: [766.536025127154, 0,  291.0503512057777, 0, 767.5749459126396, 227.4060484950132, 0, 0, 1]
distortion_model: plumb_bob
distortion_coefficients:
  rows: 1
  cols: 5
  data: [-0.36965913545735024, 0.17414034009883844, 0.003915245015812422, 0.003666687416655559, 0.0]
rectification_matrix:
  rows: 3
  cols: 3
  data: [0.9998964430808881, -0.002033580404102349, -0.0142466720650226, 0.001703024953250524, 0.9997299470300008, -0.02317612386488035, 0.01428995522025351, 0.02314946137886844, 0.9996298813149151]
projection_matrix:
  rows: 3
  cols: 4
  data: [766.536025127154, 0,  291.0503512057777, 0, 0, 767.5749459126396, 227.4060484950132, 0, 0, 0, 1, 0]
