calibration:
  translation:
    x: -0.017086
    y: 0.0563483
    z: -0.181752
  rotation:
    x: -0.00818766
    y: 0.706201
    z: -0.707829
    w: 0.0138132
