cam0:
  T_cam_imu:
  - [0.999905117246, -0.0122374970355, 0.00632456886338, 0.00674696422488]
  - [0.0121780171243, 0.999882045134, 0.00935904469797, 0.0007279224709]
  - [-0.00643835413146, -0.00928113597812, 0.99993620202, 0.0342573613538]
  - [0.0, 0.0, 0.0, 1.0]
  R:
  - [9.99791460e-01, -1.87789749e-02, -8.02416441e-03]
  - [1.87766843e-02,  9.99823637e-01, -3.60706886e-04]
  - [8.02952296e-03,  2.09964462e-04,  9.99967741e-01]
  P:
  - [193.81863196, 0.0 , 117.71906662, 0.0]
  - [0.0, 193.81863196,  61.36120415, 0.0]
  - [0.0,   0.0,   1.0,   0.0]
  camera_model: pinhole
  distortion_coeffs: [-0.3367326394292646, 0.11178850939644308, -0.0014005281258491276, -0.00045959441440687044]
  distortion_model: radtan
  intrinsics: [196.63936292910697, 196.7329768429481, 105.06412666477927, 72.47170071387173]
  resolution: [240, 180]
  resolution_out: [240, 180]

T_w_cam:
  translation: [ 1.01431286335, 0.26493743062, 1.41665327549] # x y z position
  orientation: [ 0.17827727493, -0.0841379123281, 0.969584595017, -0.145064599607] # x, y, z, w quaternion

